endeff2cam_ur : [[ 0.9999342   0.00677831 -0.00925523 -0.00454114]
            [-0.00909176  0.96024458 -0.27901198  0.10191871]
            [ 0.00699606  0.27907777  0.96024302  0.07070985]
            [ 0.          0.          0.          1.        ]]

eff_moveit2cam_moveit : [[ 0.00411276  0.28714067  0.9578796   0.29266747]
                        [-0.99998082  0.00561722  0.00260967  0.01017184]
                        [-0.00463128 -0.95787195  0.28715827 -0.10515685]
                        [ 0.          0.          0.          1.        ]]


cam_laser : [[ 0.99999762  0.00031324 -0.00215838  0.07047039]
            [ 0.00031324  0.95874521  0.28426665 -0.11025296]
            [ 0.00215838 -0.28426665  0.95874283  0.03284858]
            [ 0.          0.          0.          1.        ]]